FB01 - emulating mobile upload, mobile download
	- 1440 max resolution
	- Progressive
	- QT
		Lum:
    			11, 8, 7, 11, 17, 28, 36, 43,
    			8, 8, 10, 13, 18, 41, 42, 39,
    			10, 9, 11, 17, 28, 40, 48, 39,
    			10, 12, 15, 20, 36, 61, 56, 43,
    			13, 15, 26, 39, 48, 76, 72, 54,
    			17, 25, 39, 45, 57, 73, 79, 64,
    			34, 45, 55, 61, 72, 85, 84, 71,
    			50, 64, 67, 69, 78, 70, 72, 69
		Chr:
    			12, 13, 17, 33, 69, 69, 69, 69,
    			13, 15, 18, 46, 69, 69, 69, 69,
    			17, 18, 39, 69, 69, 69, 69, 69,
    			33, 46, 69, 69, 69, 69, 69, 69,
    			69, 69, 69, 69, 69, 69, 69, 69,
    			69, 69, 69, 69, 69, 69, 69, 69,
    			69, 69, 69, 69, 69, 69, 69, 69,
    			69, 69, 69, 69, 69, 69, 69, 69
	- 20 byte hash (byte 55-74)
	- FBMD = 8 entries (byte 90-153)
		1. 907 < rand1 < 912		2. 4098 < rand2 < 21651		3. rand2 < rand3 < 57594		4. rand3 < rand4 < 60321		5. rand4 < rand5 < 62668		6. rand5 < rand6 < 83546		7. rand6 < rand7 < 138698		8. rand7 < rand8 < 140521
FB02 - emulating Desktop upload, mobile download
	same as FB01 but
	- 2048 max resolution

FB03 - emulating mobile upload, Desktop download
	- 1440 max resolution	
	- Progressive
	- QT
		Lum:
			9, 9, 9, 16, 22, 30, 38, 46,
			9, 9, 9, 16, 22, 30, 38, 46,
			9, 9, 16, 22, 30, 38, 46, 55,
			16, 16, 22, 30, 38, 46, 55, 64,
			22, 22, 30, 38, 46, 55, 64, 72,
			30, 30, 38, 46, 55, 64, 72, 72,
			38, 38, 46, 55, 64, 72, 72, 72,
			46, 46, 55, 64, 72, 72, 72, 72
		Chr:
			11, 12, 18, 31, 75, 75, 75, 75,
			12, 17, 17, 51, 75, 75, 75, 75,
			18, 17, 42, 75, 75, 75, 75, 75,
			31, 51, 75, 75, 75, 75, 75, 75,
			75, 75, 75, 75, 75, 75, 75, 75,
			75, 75, 75, 75, 75, 75, 75, 75,
			75, 75, 75, 75, 75, 75, 75, 75,
			75, 75, 75, 75, 75, 75, 75, 75
	- 20 byte hash (byte 597-616)

FB04 - emulating Desktop upload, Desktop download
	- 2048 max resolution
	- Progressive
	- QT
		Lum:
			5, 3, 3, 5, 7, 12, 15, 18,
			4, 4, 4, 6, 8, 17, 18, 17,
			4, 4, 5, 7, 12, 17, 21, 17,
			4, 5, 7, 9, 15, 26, 24, 19,
			5, 7, 11, 17, 20, 33, 31, 23,
			7, 11, 17, 19, 24, 31, 34, 28,
			15, 19, 23, 26, 31, 36, 36, 30,
			22, 28, 29, 29, 34, 30, 31, 30
		Chr:
			5, 5, 7, 14, 30, 30, 30, 30,
			5, 6, 8, 20, 30, 30, 30, 30,
			7, 8, 17, 30, 30, 30, 30, 30,
			14, 20, 30, 30, 30, 30, 30, 30,
			30, 30, 30, 30, 30, 30, 30, 30,
			30, 30, 30, 30, 30, 30, 30, 30,
			30, 30, 30, 30, 30, 30, 30, 30,
			30, 30, 30, 30, 30, 30, 30, 30
	- 20 byte hash (byte 55-74)
	- FBMD = 11 entries (byte 90-177)
		1. 3481 < rand1 < 3488		2. 25768 < rand2 < 37579		3. 54129 < rand3 < 77032		4. rand3 < rand4 < 79785		5. rand4 < rand5 < 82689		6. rand5 < rand6 < 106550		7. 118749 < rand7 < 190390		8. rand7 < rand8 < 196987		9. rand8 < rand9 < 203020		10. rand9 < rand10 < 209731		11. 245769 < rand11 < 412450